{
 "cells": [
  {
   "cell_type": "code",
   "execution_count": 1,
   "metadata": {},
   "outputs": [],
   "source": [
    "import numpy as np\n",
    "import pandas as pd\n",
    "import seaborn as sns\n",
    "import matplotlib.pyplot as plt\n",
    "from lifelines.datasets import load_waltons\n",
    "from lifelines import *\n",
    "from lifelines.utils import median_survival_times\n",
    "from lifelines import AalenAdditiveFitter"
   ]
  },
  {
   "cell_type": "code",
   "execution_count": 2,
   "metadata": {},
   "outputs": [],
   "source": [
    "df=pd.read_csv('data2//source.csv',encoding = 'utf-8')"
   ]
  },
  {
   "cell_type": "code",
   "execution_count": 10,
   "metadata": {},
   "outputs": [
    {
     "data": {
      "text/plain": [
       "Index(['talk_cnt', 'talker_id', 'min_date', 'max_date', 'max_min', 'observed',\n",
       "       'act_days', 'nickname', 'at_cnt', 'chatroom', 'if_at', 'company', 'PIS',\n",
       "       'PES', 'SIS', 'SES', 'Id', 'degree', 'close', 'between', 'eigen',\n",
       "       'Centrality', 'AvePost'],\n",
       "      dtype='object')"
      ]
     },
     "execution_count": 10,
     "metadata": {},
     "output_type": "execute_result"
    }
   ],
   "source": [
    "df.columns"
   ]
  },
  {
   "cell_type": "code",
   "execution_count": 22,
   "metadata": {},
   "outputs": [
    {
     "name": "stderr",
     "output_type": "stream",
     "text": [
      "//anaconda3/lib/python3.7/site-packages/ipykernel_launcher.py:2: UserWarning: Boolean Series key will be reindexed to match DataFrame index.\n",
      "  \n"
     ]
    },
    {
     "data": {
      "text/html": [
       "<div>\n",
       "<style scoped>\n",
       "    .dataframe tbody tr th:only-of-type {\n",
       "        vertical-align: middle;\n",
       "    }\n",
       "\n",
       "    .dataframe tbody tr th {\n",
       "        vertical-align: top;\n",
       "    }\n",
       "\n",
       "    .dataframe thead th {\n",
       "        text-align: right;\n",
       "    }\n",
       "</style>\n",
       "<table border=\"1\" class=\"dataframe\">\n",
       "  <thead>\n",
       "    <tr style=\"text-align: right;\">\n",
       "      <th></th>\n",
       "      <th>talk_cnt</th>\n",
       "      <th>max_min</th>\n",
       "      <th>observed</th>\n",
       "      <th>AvePost</th>\n",
       "      <th>SIS</th>\n",
       "      <th>PIS</th>\n",
       "      <th>SES</th>\n",
       "      <th>PES</th>\n",
       "      <th>Centrality</th>\n",
       "    </tr>\n",
       "  </thead>\n",
       "  <tbody>\n",
       "    <tr>\n",
       "      <th>count</th>\n",
       "      <td>1109.000000</td>\n",
       "      <td>1109.000000</td>\n",
       "      <td>1109.000000</td>\n",
       "      <td>1109.000000</td>\n",
       "      <td>1109.000000</td>\n",
       "      <td>1109.000000</td>\n",
       "      <td>1109.000000</td>\n",
       "      <td>1109.000000</td>\n",
       "      <td>1109.000000</td>\n",
       "    </tr>\n",
       "    <tr>\n",
       "      <th>mean</th>\n",
       "      <td>77.412083</td>\n",
       "      <td>97.469793</td>\n",
       "      <td>0.644725</td>\n",
       "      <td>50.476124</td>\n",
       "      <td>20.175834</td>\n",
       "      <td>25.555455</td>\n",
       "      <td>3.301172</td>\n",
       "      <td>3.949504</td>\n",
       "      <td>26.366096</td>\n",
       "    </tr>\n",
       "    <tr>\n",
       "      <th>std</th>\n",
       "      <td>189.562470</td>\n",
       "      <td>98.047437</td>\n",
       "      <td>0.478812</td>\n",
       "      <td>88.826184</td>\n",
       "      <td>38.910231</td>\n",
       "      <td>66.172280</td>\n",
       "      <td>9.989047</td>\n",
       "      <td>10.584334</td>\n",
       "      <td>57.583618</td>\n",
       "    </tr>\n",
       "    <tr>\n",
       "      <th>min</th>\n",
       "      <td>1.000000</td>\n",
       "      <td>1.000000</td>\n",
       "      <td>0.000000</td>\n",
       "      <td>0.731707</td>\n",
       "      <td>0.000000</td>\n",
       "      <td>0.000000</td>\n",
       "      <td>0.000000</td>\n",
       "      <td>0.000000</td>\n",
       "      <td>0.000000</td>\n",
       "    </tr>\n",
       "    <tr>\n",
       "      <th>25%</th>\n",
       "      <td>6.000000</td>\n",
       "      <td>6.000000</td>\n",
       "      <td>0.000000</td>\n",
       "      <td>6.614173</td>\n",
       "      <td>2.000000</td>\n",
       "      <td>1.000000</td>\n",
       "      <td>0.000000</td>\n",
       "      <td>0.000000</td>\n",
       "      <td>2.000000</td>\n",
       "    </tr>\n",
       "    <tr>\n",
       "      <th>50%</th>\n",
       "      <td>22.000000</td>\n",
       "      <td>67.000000</td>\n",
       "      <td>1.000000</td>\n",
       "      <td>21.600000</td>\n",
       "      <td>7.000000</td>\n",
       "      <td>6.000000</td>\n",
       "      <td>0.000000</td>\n",
       "      <td>1.000000</td>\n",
       "      <td>8.000000</td>\n",
       "    </tr>\n",
       "    <tr>\n",
       "      <th>75%</th>\n",
       "      <td>69.000000</td>\n",
       "      <td>162.000000</td>\n",
       "      <td>1.000000</td>\n",
       "      <td>53.571429</td>\n",
       "      <td>21.000000</td>\n",
       "      <td>21.000000</td>\n",
       "      <td>2.000000</td>\n",
       "      <td>3.000000</td>\n",
       "      <td>26.000000</td>\n",
       "    </tr>\n",
       "    <tr>\n",
       "      <th>max</th>\n",
       "      <td>2674.000000</td>\n",
       "      <td>397.000000</td>\n",
       "      <td>1.000000</td>\n",
       "      <td>690.000000</td>\n",
       "      <td>463.000000</td>\n",
       "      <td>950.000000</td>\n",
       "      <td>158.000000</td>\n",
       "      <td>136.000000</td>\n",
       "      <td>604.000000</td>\n",
       "    </tr>\n",
       "  </tbody>\n",
       "</table>\n",
       "</div>"
      ],
      "text/plain": [
       "          talk_cnt      max_min     observed      AvePost          SIS  \\\n",
       "count  1109.000000  1109.000000  1109.000000  1109.000000  1109.000000   \n",
       "mean     77.412083    97.469793     0.644725    50.476124    20.175834   \n",
       "std     189.562470    98.047437     0.478812    88.826184    38.910231   \n",
       "min       1.000000     1.000000     0.000000     0.731707     0.000000   \n",
       "25%       6.000000     6.000000     0.000000     6.614173     2.000000   \n",
       "50%      22.000000    67.000000     1.000000    21.600000     7.000000   \n",
       "75%      69.000000   162.000000     1.000000    53.571429    21.000000   \n",
       "max    2674.000000   397.000000     1.000000   690.000000   463.000000   \n",
       "\n",
       "               PIS          SES          PES   Centrality  \n",
       "count  1109.000000  1109.000000  1109.000000  1109.000000  \n",
       "mean     25.555455     3.301172     3.949504    26.366096  \n",
       "std      66.172280     9.989047    10.584334    57.583618  \n",
       "min       0.000000     0.000000     0.000000     0.000000  \n",
       "25%       1.000000     0.000000     0.000000     2.000000  \n",
       "50%       6.000000     0.000000     1.000000     8.000000  \n",
       "75%      21.000000     2.000000     3.000000    26.000000  \n",
       "max     950.000000   158.000000   136.000000   604.000000  "
      ]
     },
     "execution_count": 22,
     "metadata": {},
     "output_type": "execute_result"
    }
   ],
   "source": [
    "df_des = df[['talk_cnt','max_min','observed','AvePost','SIS','PIS','SES','PES','Centrality']]\n",
    "df_des[df_des.AvePost>df_des.AvePost.quantile(0.01)][df_des.AvePost<df_des.AvePost.quantile(0.99)].describe()"
   ]
  },
  {
   "cell_type": "code",
   "execution_count": 15,
   "metadata": {},
   "outputs": [
    {
     "name": "stderr",
     "output_type": "stream",
     "text": [
      "//anaconda3/lib/python3.7/site-packages/ipykernel_launcher.py:1: UserWarning: Boolean Series key will be reindexed to match DataFrame index.\n",
      "  \"\"\"Entry point for launching an IPython kernel.\n"
     ]
    }
   ],
   "source": [
    "df_csv = df_des[df_des.talk_cnt>df_des.talk_cnt.quantile(0.01)][df_des.talk_cnt<df_des.talk_cnt.quantile(0.98)].describe()\n",
    "#df_csv.to_csv(\"data//desc.csv\",encoding = 'utf-8-sig')"
   ]
  },
  {
   "cell_type": "code",
   "execution_count": 17,
   "metadata": {},
   "outputs": [
    {
     "data": {
      "text/html": [
       "<div>\n",
       "<style scoped>\n",
       "    .dataframe tbody tr th:only-of-type {\n",
       "        vertical-align: middle;\n",
       "    }\n",
       "\n",
       "    .dataframe tbody tr th {\n",
       "        vertical-align: top;\n",
       "    }\n",
       "\n",
       "    .dataframe thead th {\n",
       "        text-align: right;\n",
       "    }\n",
       "</style>\n",
       "<table border=\"1\" class=\"dataframe\">\n",
       "  <thead>\n",
       "    <tr style=\"text-align: right;\">\n",
       "      <th></th>\n",
       "      <th>talk_cnt</th>\n",
       "      <th>max_min</th>\n",
       "      <th>observed</th>\n",
       "      <th>AvePost</th>\n",
       "      <th>SIS</th>\n",
       "      <th>PIS</th>\n",
       "      <th>SES</th>\n",
       "      <th>PES</th>\n",
       "      <th>Centrality</th>\n",
       "    </tr>\n",
       "  </thead>\n",
       "  <tbody>\n",
       "    <tr>\n",
       "      <th>talk_cnt</th>\n",
       "      <td>1.000000</td>\n",
       "      <td>0.958911</td>\n",
       "      <td>0.817774</td>\n",
       "      <td>0.900564</td>\n",
       "      <td>0.917420</td>\n",
       "      <td>0.957281</td>\n",
       "      <td>0.851048</td>\n",
       "      <td>0.853976</td>\n",
       "      <td>0.972403</td>\n",
       "    </tr>\n",
       "    <tr>\n",
       "      <th>max_min</th>\n",
       "      <td>0.958911</td>\n",
       "      <td>1.000000</td>\n",
       "      <td>0.931930</td>\n",
       "      <td>0.747383</td>\n",
       "      <td>0.981798</td>\n",
       "      <td>0.990751</td>\n",
       "      <td>0.950403</td>\n",
       "      <td>0.951943</td>\n",
       "      <td>0.990675</td>\n",
       "    </tr>\n",
       "    <tr>\n",
       "      <th>observed</th>\n",
       "      <td>0.817774</td>\n",
       "      <td>0.931930</td>\n",
       "      <td>1.000000</td>\n",
       "      <td>0.489409</td>\n",
       "      <td>0.979249</td>\n",
       "      <td>0.949060</td>\n",
       "      <td>0.998162</td>\n",
       "      <td>0.997805</td>\n",
       "      <td>0.929098</td>\n",
       "    </tr>\n",
       "    <tr>\n",
       "      <th>AvePost</th>\n",
       "      <td>0.900564</td>\n",
       "      <td>0.747383</td>\n",
       "      <td>0.489409</td>\n",
       "      <td>1.000000</td>\n",
       "      <td>0.655621</td>\n",
       "      <td>0.739098</td>\n",
       "      <td>0.541338</td>\n",
       "      <td>0.546081</td>\n",
       "      <td>0.777066</td>\n",
       "    </tr>\n",
       "    <tr>\n",
       "      <th>SIS</th>\n",
       "      <td>0.917420</td>\n",
       "      <td>0.981798</td>\n",
       "      <td>0.979249</td>\n",
       "      <td>0.655621</td>\n",
       "      <td>1.000000</td>\n",
       "      <td>0.993188</td>\n",
       "      <td>0.989704</td>\n",
       "      <td>0.990491</td>\n",
       "      <td>0.984727</td>\n",
       "    </tr>\n",
       "    <tr>\n",
       "      <th>PIS</th>\n",
       "      <td>0.957281</td>\n",
       "      <td>0.990751</td>\n",
       "      <td>0.949060</td>\n",
       "      <td>0.739098</td>\n",
       "      <td>0.993188</td>\n",
       "      <td>1.000000</td>\n",
       "      <td>0.966399</td>\n",
       "      <td>0.967832</td>\n",
       "      <td>0.998300</td>\n",
       "    </tr>\n",
       "    <tr>\n",
       "      <th>SES</th>\n",
       "      <td>0.851048</td>\n",
       "      <td>0.950403</td>\n",
       "      <td>0.998162</td>\n",
       "      <td>0.541338</td>\n",
       "      <td>0.989704</td>\n",
       "      <td>0.966399</td>\n",
       "      <td>1.000000</td>\n",
       "      <td>0.999983</td>\n",
       "      <td>0.949789</td>\n",
       "    </tr>\n",
       "    <tr>\n",
       "      <th>PES</th>\n",
       "      <td>0.853976</td>\n",
       "      <td>0.951943</td>\n",
       "      <td>0.997805</td>\n",
       "      <td>0.546081</td>\n",
       "      <td>0.990491</td>\n",
       "      <td>0.967832</td>\n",
       "      <td>0.999983</td>\n",
       "      <td>1.000000</td>\n",
       "      <td>0.951537</td>\n",
       "    </tr>\n",
       "    <tr>\n",
       "      <th>Centrality</th>\n",
       "      <td>0.972403</td>\n",
       "      <td>0.990675</td>\n",
       "      <td>0.929098</td>\n",
       "      <td>0.777066</td>\n",
       "      <td>0.984727</td>\n",
       "      <td>0.998300</td>\n",
       "      <td>0.949789</td>\n",
       "      <td>0.951537</td>\n",
       "      <td>1.000000</td>\n",
       "    </tr>\n",
       "  </tbody>\n",
       "</table>\n",
       "</div>"
      ],
      "text/plain": [
       "            talk_cnt   max_min  observed   AvePost       SIS       PIS  \\\n",
       "talk_cnt    1.000000  0.958911  0.817774  0.900564  0.917420  0.957281   \n",
       "max_min     0.958911  1.000000  0.931930  0.747383  0.981798  0.990751   \n",
       "observed    0.817774  0.931930  1.000000  0.489409  0.979249  0.949060   \n",
       "AvePost     0.900564  0.747383  0.489409  1.000000  0.655621  0.739098   \n",
       "SIS         0.917420  0.981798  0.979249  0.655621  1.000000  0.993188   \n",
       "PIS         0.957281  0.990751  0.949060  0.739098  0.993188  1.000000   \n",
       "SES         0.851048  0.950403  0.998162  0.541338  0.989704  0.966399   \n",
       "PES         0.853976  0.951943  0.997805  0.546081  0.990491  0.967832   \n",
       "Centrality  0.972403  0.990675  0.929098  0.777066  0.984727  0.998300   \n",
       "\n",
       "                 SES       PES  Centrality  \n",
       "talk_cnt    0.851048  0.853976    0.972403  \n",
       "max_min     0.950403  0.951943    0.990675  \n",
       "observed    0.998162  0.997805    0.929098  \n",
       "AvePost     0.541338  0.546081    0.777066  \n",
       "SIS         0.989704  0.990491    0.984727  \n",
       "PIS         0.966399  0.967832    0.998300  \n",
       "SES         1.000000  0.999983    0.949789  \n",
       "PES         0.999983  1.000000    0.951537  \n",
       "Centrality  0.949789  0.951537    1.000000  "
      ]
     },
     "execution_count": 17,
     "metadata": {},
     "output_type": "execute_result"
    }
   ],
   "source": [
    "df_csv.corr()"
   ]
  },
  {
   "cell_type": "code",
   "execution_count": 5,
   "metadata": {},
   "outputs": [
    {
     "data": {
      "text/plain": [
       "AvePost       1908.0\n",
       "SIS           1118.0\n",
       "PIS           6000.0\n",
       "SES            242.0\n",
       "PES            282.0\n",
       "Centrality    1747.0\n",
       "dtype: float64"
      ]
     },
     "execution_count": 5,
     "metadata": {},
     "output_type": "execute_result"
    }
   ],
   "source": [
    "df[['AvePost','SIS','PIS','SES','PES','Centrality']].max()"
   ]
  },
  {
   "cell_type": "code",
   "execution_count": 27,
   "metadata": {},
   "outputs": [
    {
     "data": {
      "text/html": [
       "<div>\n",
       "<style scoped>\n",
       "    .dataframe tbody tr th:only-of-type {\n",
       "        vertical-align: middle;\n",
       "    }\n",
       "\n",
       "    .dataframe tbody tr th {\n",
       "        vertical-align: top;\n",
       "    }\n",
       "\n",
       "    .dataframe thead th {\n",
       "        text-align: right;\n",
       "    }\n",
       "</style>\n",
       "<table border=\"1\" class=\"dataframe\">\n",
       "  <thead>\n",
       "    <tr style=\"text-align: right;\">\n",
       "      <th></th>\n",
       "      <th>talk_cnt</th>\n",
       "      <th>max_min</th>\n",
       "      <th>observed</th>\n",
       "      <th>act_days</th>\n",
       "      <th>at_cnt</th>\n",
       "      <th>if_at</th>\n",
       "      <th>company</th>\n",
       "      <th>PIS</th>\n",
       "      <th>PES</th>\n",
       "      <th>SIS</th>\n",
       "      <th>SES</th>\n",
       "      <th>Id</th>\n",
       "      <th>degree</th>\n",
       "      <th>close</th>\n",
       "      <th>between</th>\n",
       "      <th>eigen</th>\n",
       "      <th>Centrality</th>\n",
       "      <th>AvePost</th>\n",
       "    </tr>\n",
       "  </thead>\n",
       "  <tbody>\n",
       "    <tr>\n",
       "      <th>talk_cnt</th>\n",
       "      <td>1.000000</td>\n",
       "      <td>0.243998</td>\n",
       "      <td>-0.168221</td>\n",
       "      <td>0.795021</td>\n",
       "      <td>0.321872</td>\n",
       "      <td>0.937939</td>\n",
       "      <td>0.942504</td>\n",
       "      <td>0.982176</td>\n",
       "      <td>0.929303</td>\n",
       "      <td>0.934902</td>\n",
       "      <td>0.696642</td>\n",
       "      <td>-0.135414</td>\n",
       "      <td>0.295897</td>\n",
       "      <td>0.213446</td>\n",
       "      <td>0.397889</td>\n",
       "      <td>0.177323</td>\n",
       "      <td>0.907702</td>\n",
       "      <td>0.486643</td>\n",
       "    </tr>\n",
       "    <tr>\n",
       "      <th>max_min</th>\n",
       "      <td>0.243998</td>\n",
       "      <td>1.000000</td>\n",
       "      <td>-0.228951</td>\n",
       "      <td>0.583662</td>\n",
       "      <td>0.177768</td>\n",
       "      <td>0.340131</td>\n",
       "      <td>0.208158</td>\n",
       "      <td>0.209338</td>\n",
       "      <td>0.263656</td>\n",
       "      <td>0.363791</td>\n",
       "      <td>0.230475</td>\n",
       "      <td>-0.111742</td>\n",
       "      <td>0.210014</td>\n",
       "      <td>0.426682</td>\n",
       "      <td>0.211325</td>\n",
       "      <td>0.163194</td>\n",
       "      <td>0.347673</td>\n",
       "      <td>-0.178537</td>\n",
       "    </tr>\n",
       "    <tr>\n",
       "      <th>observed</th>\n",
       "      <td>-0.168221</td>\n",
       "      <td>-0.228951</td>\n",
       "      <td>1.000000</td>\n",
       "      <td>-0.266660</td>\n",
       "      <td>-0.110968</td>\n",
       "      <td>-0.178790</td>\n",
       "      <td>-0.184099</td>\n",
       "      <td>-0.136377</td>\n",
       "      <td>-0.204511</td>\n",
       "      <td>-0.203977</td>\n",
       "      <td>-0.190944</td>\n",
       "      <td>0.205440</td>\n",
       "      <td>-0.095935</td>\n",
       "      <td>-0.278440</td>\n",
       "      <td>-0.118064</td>\n",
       "      <td>-0.127353</td>\n",
       "      <td>-0.188068</td>\n",
       "      <td>-0.023346</td>\n",
       "    </tr>\n",
       "    <tr>\n",
       "      <th>act_days</th>\n",
       "      <td>0.795021</td>\n",
       "      <td>0.583662</td>\n",
       "      <td>-0.266660</td>\n",
       "      <td>1.000000</td>\n",
       "      <td>0.339983</td>\n",
       "      <td>0.858238</td>\n",
       "      <td>0.728134</td>\n",
       "      <td>0.753337</td>\n",
       "      <td>0.771151</td>\n",
       "      <td>0.860407</td>\n",
       "      <td>0.609274</td>\n",
       "      <td>-0.235585</td>\n",
       "      <td>0.386474</td>\n",
       "      <td>0.387527</td>\n",
       "      <td>0.511548</td>\n",
       "      <td>0.261889</td>\n",
       "      <td>0.844353</td>\n",
       "      <td>0.233028</td>\n",
       "    </tr>\n",
       "    <tr>\n",
       "      <th>at_cnt</th>\n",
       "      <td>0.321872</td>\n",
       "      <td>0.177768</td>\n",
       "      <td>-0.110968</td>\n",
       "      <td>0.339983</td>\n",
       "      <td>1.000000</td>\n",
       "      <td>0.309461</td>\n",
       "      <td>0.390473</td>\n",
       "      <td>0.274554</td>\n",
       "      <td>0.313479</td>\n",
       "      <td>0.297490</td>\n",
       "      <td>0.283198</td>\n",
       "      <td>-0.093922</td>\n",
       "      <td>0.528326</td>\n",
       "      <td>0.151018</td>\n",
       "      <td>0.386124</td>\n",
       "      <td>0.572561</td>\n",
       "      <td>0.570461</td>\n",
       "      <td>0.315168</td>\n",
       "    </tr>\n",
       "    <tr>\n",
       "      <th>if_at</th>\n",
       "      <td>0.937939</td>\n",
       "      <td>0.340131</td>\n",
       "      <td>-0.178790</td>\n",
       "      <td>0.858238</td>\n",
       "      <td>0.309461</td>\n",
       "      <td>1.000000</td>\n",
       "      <td>0.834902</td>\n",
       "      <td>0.929004</td>\n",
       "      <td>0.851617</td>\n",
       "      <td>0.938361</td>\n",
       "      <td>0.631278</td>\n",
       "      <td>-0.150591</td>\n",
       "      <td>0.326125</td>\n",
       "      <td>0.274602</td>\n",
       "      <td>0.461053</td>\n",
       "      <td>0.191835</td>\n",
       "      <td>0.957543</td>\n",
       "      <td>0.391239</td>\n",
       "    </tr>\n",
       "    <tr>\n",
       "      <th>company</th>\n",
       "      <td>0.942504</td>\n",
       "      <td>0.208158</td>\n",
       "      <td>-0.184099</td>\n",
       "      <td>0.728134</td>\n",
       "      <td>0.390473</td>\n",
       "      <td>0.834902</td>\n",
       "      <td>1.000000</td>\n",
       "      <td>0.874597</td>\n",
       "      <td>0.965241</td>\n",
       "      <td>0.875539</td>\n",
       "      <td>0.790997</td>\n",
       "      <td>-0.142778</td>\n",
       "      <td>0.308121</td>\n",
       "      <td>0.221874</td>\n",
       "      <td>0.332949</td>\n",
       "      <td>0.218924</td>\n",
       "      <td>0.839504</td>\n",
       "      <td>0.559771</td>\n",
       "    </tr>\n",
       "    <tr>\n",
       "      <th>PIS</th>\n",
       "      <td>0.982176</td>\n",
       "      <td>0.209338</td>\n",
       "      <td>-0.136377</td>\n",
       "      <td>0.753337</td>\n",
       "      <td>0.274554</td>\n",
       "      <td>0.929004</td>\n",
       "      <td>0.874597</td>\n",
       "      <td>1.000000</td>\n",
       "      <td>0.858233</td>\n",
       "      <td>0.887951</td>\n",
       "      <td>0.577160</td>\n",
       "      <td>-0.109798</td>\n",
       "      <td>0.270528</td>\n",
       "      <td>0.167391</td>\n",
       "      <td>0.404553</td>\n",
       "      <td>0.146782</td>\n",
       "      <td>0.885639</td>\n",
       "      <td>0.435758</td>\n",
       "    </tr>\n",
       "    <tr>\n",
       "      <th>PES</th>\n",
       "      <td>0.929303</td>\n",
       "      <td>0.263656</td>\n",
       "      <td>-0.204511</td>\n",
       "      <td>0.771151</td>\n",
       "      <td>0.313479</td>\n",
       "      <td>0.851617</td>\n",
       "      <td>0.965241</td>\n",
       "      <td>0.858233</td>\n",
       "      <td>1.000000</td>\n",
       "      <td>0.900507</td>\n",
       "      <td>0.820203</td>\n",
       "      <td>-0.162958</td>\n",
       "      <td>0.281817</td>\n",
       "      <td>0.258115</td>\n",
       "      <td>0.319612</td>\n",
       "      <td>0.191093</td>\n",
       "      <td>0.830599</td>\n",
       "      <td>0.515245</td>\n",
       "    </tr>\n",
       "    <tr>\n",
       "      <th>SIS</th>\n",
       "      <td>0.934902</td>\n",
       "      <td>0.363791</td>\n",
       "      <td>-0.203977</td>\n",
       "      <td>0.860407</td>\n",
       "      <td>0.297490</td>\n",
       "      <td>0.938361</td>\n",
       "      <td>0.875539</td>\n",
       "      <td>0.887951</td>\n",
       "      <td>0.900507</td>\n",
       "      <td>1.000000</td>\n",
       "      <td>0.754782</td>\n",
       "      <td>-0.176284</td>\n",
       "      <td>0.290530</td>\n",
       "      <td>0.302330</td>\n",
       "      <td>0.365428</td>\n",
       "      <td>0.178196</td>\n",
       "      <td>0.900674</td>\n",
       "      <td>0.427807</td>\n",
       "    </tr>\n",
       "    <tr>\n",
       "      <th>SES</th>\n",
       "      <td>0.696642</td>\n",
       "      <td>0.230475</td>\n",
       "      <td>-0.190944</td>\n",
       "      <td>0.609274</td>\n",
       "      <td>0.283198</td>\n",
       "      <td>0.631278</td>\n",
       "      <td>0.790997</td>\n",
       "      <td>0.577160</td>\n",
       "      <td>0.820203</td>\n",
       "      <td>0.754782</td>\n",
       "      <td>1.000000</td>\n",
       "      <td>-0.156355</td>\n",
       "      <td>0.204091</td>\n",
       "      <td>0.270525</td>\n",
       "      <td>0.175956</td>\n",
       "      <td>0.133424</td>\n",
       "      <td>0.631107</td>\n",
       "      <td>0.494130</td>\n",
       "    </tr>\n",
       "    <tr>\n",
       "      <th>Id</th>\n",
       "      <td>-0.135414</td>\n",
       "      <td>-0.111742</td>\n",
       "      <td>0.205440</td>\n",
       "      <td>-0.235585</td>\n",
       "      <td>-0.093922</td>\n",
       "      <td>-0.150591</td>\n",
       "      <td>-0.142778</td>\n",
       "      <td>-0.109798</td>\n",
       "      <td>-0.162958</td>\n",
       "      <td>-0.176284</td>\n",
       "      <td>-0.156355</td>\n",
       "      <td>1.000000</td>\n",
       "      <td>-0.103535</td>\n",
       "      <td>0.258631</td>\n",
       "      <td>-0.093276</td>\n",
       "      <td>-0.102155</td>\n",
       "      <td>-0.158543</td>\n",
       "      <td>0.013547</td>\n",
       "    </tr>\n",
       "    <tr>\n",
       "      <th>degree</th>\n",
       "      <td>0.295897</td>\n",
       "      <td>0.210014</td>\n",
       "      <td>-0.095935</td>\n",
       "      <td>0.386474</td>\n",
       "      <td>0.528326</td>\n",
       "      <td>0.326125</td>\n",
       "      <td>0.308121</td>\n",
       "      <td>0.270528</td>\n",
       "      <td>0.281817</td>\n",
       "      <td>0.290530</td>\n",
       "      <td>0.204091</td>\n",
       "      <td>-0.103535</td>\n",
       "      <td>1.000000</td>\n",
       "      <td>0.216312</td>\n",
       "      <td>0.665872</td>\n",
       "      <td>0.907916</td>\n",
       "      <td>0.441855</td>\n",
       "      <td>0.201781</td>\n",
       "    </tr>\n",
       "    <tr>\n",
       "      <th>close</th>\n",
       "      <td>0.213446</td>\n",
       "      <td>0.426682</td>\n",
       "      <td>-0.278440</td>\n",
       "      <td>0.387527</td>\n",
       "      <td>0.151018</td>\n",
       "      <td>0.274602</td>\n",
       "      <td>0.221874</td>\n",
       "      <td>0.167391</td>\n",
       "      <td>0.258115</td>\n",
       "      <td>0.302330</td>\n",
       "      <td>0.270525</td>\n",
       "      <td>0.258631</td>\n",
       "      <td>0.216312</td>\n",
       "      <td>1.000000</td>\n",
       "      <td>0.152145</td>\n",
       "      <td>0.173229</td>\n",
       "      <td>0.282965</td>\n",
       "      <td>0.106592</td>\n",
       "    </tr>\n",
       "    <tr>\n",
       "      <th>between</th>\n",
       "      <td>0.397889</td>\n",
       "      <td>0.211325</td>\n",
       "      <td>-0.118064</td>\n",
       "      <td>0.511548</td>\n",
       "      <td>0.386124</td>\n",
       "      <td>0.461053</td>\n",
       "      <td>0.332949</td>\n",
       "      <td>0.404553</td>\n",
       "      <td>0.319612</td>\n",
       "      <td>0.365428</td>\n",
       "      <td>0.175956</td>\n",
       "      <td>-0.093276</td>\n",
       "      <td>0.665872</td>\n",
       "      <td>0.152145</td>\n",
       "      <td>1.000000</td>\n",
       "      <td>0.489793</td>\n",
       "      <td>0.515284</td>\n",
       "      <td>0.172646</td>\n",
       "    </tr>\n",
       "    <tr>\n",
       "      <th>eigen</th>\n",
       "      <td>0.177323</td>\n",
       "      <td>0.163194</td>\n",
       "      <td>-0.127353</td>\n",
       "      <td>0.261889</td>\n",
       "      <td>0.572561</td>\n",
       "      <td>0.191835</td>\n",
       "      <td>0.218924</td>\n",
       "      <td>0.146782</td>\n",
       "      <td>0.191093</td>\n",
       "      <td>0.178196</td>\n",
       "      <td>0.133424</td>\n",
       "      <td>-0.102155</td>\n",
       "      <td>0.907916</td>\n",
       "      <td>0.173229</td>\n",
       "      <td>0.489793</td>\n",
       "      <td>1.000000</td>\n",
       "      <td>0.339277</td>\n",
       "      <td>0.167425</td>\n",
       "    </tr>\n",
       "    <tr>\n",
       "      <th>Centrality</th>\n",
       "      <td>0.907702</td>\n",
       "      <td>0.347673</td>\n",
       "      <td>-0.188068</td>\n",
       "      <td>0.844353</td>\n",
       "      <td>0.570461</td>\n",
       "      <td>0.957543</td>\n",
       "      <td>0.839504</td>\n",
       "      <td>0.885639</td>\n",
       "      <td>0.830599</td>\n",
       "      <td>0.900674</td>\n",
       "      <td>0.631107</td>\n",
       "      <td>-0.158543</td>\n",
       "      <td>0.441855</td>\n",
       "      <td>0.282965</td>\n",
       "      <td>0.515284</td>\n",
       "      <td>0.339277</td>\n",
       "      <td>1.000000</td>\n",
       "      <td>0.433473</td>\n",
       "    </tr>\n",
       "    <tr>\n",
       "      <th>AvePost</th>\n",
       "      <td>0.486643</td>\n",
       "      <td>-0.178537</td>\n",
       "      <td>-0.023346</td>\n",
       "      <td>0.233028</td>\n",
       "      <td>0.315168</td>\n",
       "      <td>0.391239</td>\n",
       "      <td>0.559771</td>\n",
       "      <td>0.435758</td>\n",
       "      <td>0.515245</td>\n",
       "      <td>0.427807</td>\n",
       "      <td>0.494130</td>\n",
       "      <td>0.013547</td>\n",
       "      <td>0.201781</td>\n",
       "      <td>0.106592</td>\n",
       "      <td>0.172646</td>\n",
       "      <td>0.167425</td>\n",
       "      <td>0.433473</td>\n",
       "      <td>1.000000</td>\n",
       "    </tr>\n",
       "  </tbody>\n",
       "</table>\n",
       "</div>"
      ],
      "text/plain": [
       "            talk_cnt   max_min  observed  act_days    at_cnt     if_at  \\\n",
       "talk_cnt    1.000000  0.243998 -0.168221  0.795021  0.321872  0.937939   \n",
       "max_min     0.243998  1.000000 -0.228951  0.583662  0.177768  0.340131   \n",
       "observed   -0.168221 -0.228951  1.000000 -0.266660 -0.110968 -0.178790   \n",
       "act_days    0.795021  0.583662 -0.266660  1.000000  0.339983  0.858238   \n",
       "at_cnt      0.321872  0.177768 -0.110968  0.339983  1.000000  0.309461   \n",
       "if_at       0.937939  0.340131 -0.178790  0.858238  0.309461  1.000000   \n",
       "company     0.942504  0.208158 -0.184099  0.728134  0.390473  0.834902   \n",
       "PIS         0.982176  0.209338 -0.136377  0.753337  0.274554  0.929004   \n",
       "PES         0.929303  0.263656 -0.204511  0.771151  0.313479  0.851617   \n",
       "SIS         0.934902  0.363791 -0.203977  0.860407  0.297490  0.938361   \n",
       "SES         0.696642  0.230475 -0.190944  0.609274  0.283198  0.631278   \n",
       "Id         -0.135414 -0.111742  0.205440 -0.235585 -0.093922 -0.150591   \n",
       "degree      0.295897  0.210014 -0.095935  0.386474  0.528326  0.326125   \n",
       "close       0.213446  0.426682 -0.278440  0.387527  0.151018  0.274602   \n",
       "between     0.397889  0.211325 -0.118064  0.511548  0.386124  0.461053   \n",
       "eigen       0.177323  0.163194 -0.127353  0.261889  0.572561  0.191835   \n",
       "Centrality  0.907702  0.347673 -0.188068  0.844353  0.570461  0.957543   \n",
       "AvePost     0.486643 -0.178537 -0.023346  0.233028  0.315168  0.391239   \n",
       "\n",
       "             company       PIS       PES       SIS       SES        Id  \\\n",
       "talk_cnt    0.942504  0.982176  0.929303  0.934902  0.696642 -0.135414   \n",
       "max_min     0.208158  0.209338  0.263656  0.363791  0.230475 -0.111742   \n",
       "observed   -0.184099 -0.136377 -0.204511 -0.203977 -0.190944  0.205440   \n",
       "act_days    0.728134  0.753337  0.771151  0.860407  0.609274 -0.235585   \n",
       "at_cnt      0.390473  0.274554  0.313479  0.297490  0.283198 -0.093922   \n",
       "if_at       0.834902  0.929004  0.851617  0.938361  0.631278 -0.150591   \n",
       "company     1.000000  0.874597  0.965241  0.875539  0.790997 -0.142778   \n",
       "PIS         0.874597  1.000000  0.858233  0.887951  0.577160 -0.109798   \n",
       "PES         0.965241  0.858233  1.000000  0.900507  0.820203 -0.162958   \n",
       "SIS         0.875539  0.887951  0.900507  1.000000  0.754782 -0.176284   \n",
       "SES         0.790997  0.577160  0.820203  0.754782  1.000000 -0.156355   \n",
       "Id         -0.142778 -0.109798 -0.162958 -0.176284 -0.156355  1.000000   \n",
       "degree      0.308121  0.270528  0.281817  0.290530  0.204091 -0.103535   \n",
       "close       0.221874  0.167391  0.258115  0.302330  0.270525  0.258631   \n",
       "between     0.332949  0.404553  0.319612  0.365428  0.175956 -0.093276   \n",
       "eigen       0.218924  0.146782  0.191093  0.178196  0.133424 -0.102155   \n",
       "Centrality  0.839504  0.885639  0.830599  0.900674  0.631107 -0.158543   \n",
       "AvePost     0.559771  0.435758  0.515245  0.427807  0.494130  0.013547   \n",
       "\n",
       "              degree     close   between     eigen  Centrality   AvePost  \n",
       "talk_cnt    0.295897  0.213446  0.397889  0.177323    0.907702  0.486643  \n",
       "max_min     0.210014  0.426682  0.211325  0.163194    0.347673 -0.178537  \n",
       "observed   -0.095935 -0.278440 -0.118064 -0.127353   -0.188068 -0.023346  \n",
       "act_days    0.386474  0.387527  0.511548  0.261889    0.844353  0.233028  \n",
       "at_cnt      0.528326  0.151018  0.386124  0.572561    0.570461  0.315168  \n",
       "if_at       0.326125  0.274602  0.461053  0.191835    0.957543  0.391239  \n",
       "company     0.308121  0.221874  0.332949  0.218924    0.839504  0.559771  \n",
       "PIS         0.270528  0.167391  0.404553  0.146782    0.885639  0.435758  \n",
       "PES         0.281817  0.258115  0.319612  0.191093    0.830599  0.515245  \n",
       "SIS         0.290530  0.302330  0.365428  0.178196    0.900674  0.427807  \n",
       "SES         0.204091  0.270525  0.175956  0.133424    0.631107  0.494130  \n",
       "Id         -0.103535  0.258631 -0.093276 -0.102155   -0.158543  0.013547  \n",
       "degree      1.000000  0.216312  0.665872  0.907916    0.441855  0.201781  \n",
       "close       0.216312  1.000000  0.152145  0.173229    0.282965  0.106592  \n",
       "between     0.665872  0.152145  1.000000  0.489793    0.515284  0.172646  \n",
       "eigen       0.907916  0.173229  0.489793  1.000000    0.339277  0.167425  \n",
       "Centrality  0.441855  0.282965  0.515284  0.339277    1.000000  0.433473  \n",
       "AvePost     0.201781  0.106592  0.172646  0.167425    0.433473  1.000000  "
      ]
     },
     "execution_count": 27,
     "metadata": {},
     "output_type": "execute_result"
    }
   ],
   "source": [
    "df[df.AvePost>2].corr()"
   ]
  },
  {
   "cell_type": "code",
   "execution_count": 17,
   "metadata": {},
   "outputs": [
    {
     "data": {
      "text/plain": [
       "Index(['talk_cnt', 'talker_id', 'min_date', 'max_date', 'max_min', 'observed',\n",
       "       'act_days', 'nickname', 'at_cnt', 'chatroom', 'if_at', 'company', 'PIS',\n",
       "       'PES', 'SIS', 'SES', 'Id', 'degree', 'close', 'between', 'eigen',\n",
       "       'Centrality', 'AvePost'],\n",
       "      dtype='object')"
      ]
     },
     "execution_count": 17,
     "metadata": {},
     "output_type": "execute_result"
    }
   ],
   "source": [
    "df.columns"
   ]
  },
  {
   "cell_type": "code",
   "execution_count": 18,
   "metadata": {},
   "outputs": [],
   "source": [
    "l = list()\n",
    "for i in range(0,len(df)):\n",
    "    if df['max_min'][i]>=30:\n",
    "        s=df['talk_cnt'][i]/df['max_min'][i]*30\n",
    "        l.append(s)\n",
    "    else:\n",
    "        l.append(df['talk_cnt'][i])"
   ]
  },
  {
   "cell_type": "code",
   "execution_count": 19,
   "metadata": {},
   "outputs": [],
   "source": [
    "df['AvePost1'] = pd.DataFrame(l)"
   ]
  },
  {
   "cell_type": "code",
   "execution_count": 81,
   "metadata": {},
   "outputs": [
    {
     "name": "stderr",
     "output_type": "stream",
     "text": [
      "//anaconda3/lib/python3.7/site-packages/ipykernel_launcher.py:2: UserWarning: Boolean Series key will be reindexed to match DataFrame index.\n",
      "  \n"
     ]
    },
    {
     "data": {
      "text/html": [
       "<div>\n",
       "<style scoped>\n",
       "    .dataframe tbody tr th:only-of-type {\n",
       "        vertical-align: middle;\n",
       "    }\n",
       "\n",
       "    .dataframe tbody tr th {\n",
       "        vertical-align: top;\n",
       "    }\n",
       "\n",
       "    .dataframe thead th {\n",
       "        text-align: right;\n",
       "    }\n",
       "</style>\n",
       "<table border=\"1\" class=\"dataframe\">\n",
       "  <tbody>\n",
       "    <tr>\n",
       "      <th>model</th>\n",
       "      <td>lifelines.CoxPHFitter</td>\n",
       "    </tr>\n",
       "    <tr>\n",
       "      <th>duration col</th>\n",
       "      <td>'max_min'</td>\n",
       "    </tr>\n",
       "    <tr>\n",
       "      <th>event col</th>\n",
       "      <td>'observed'</td>\n",
       "    </tr>\n",
       "    <tr>\n",
       "      <th>cluster col</th>\n",
       "      <td>'chatroom'</td>\n",
       "    </tr>\n",
       "    <tr>\n",
       "      <th>robust variance</th>\n",
       "      <td>True</td>\n",
       "    </tr>\n",
       "    <tr>\n",
       "      <th>number of observations</th>\n",
       "      <td>863</td>\n",
       "    </tr>\n",
       "    <tr>\n",
       "      <th>number of events observed</th>\n",
       "      <td>539</td>\n",
       "    </tr>\n",
       "    <tr>\n",
       "      <th>partial log-likelihood</th>\n",
       "      <td>-3180.990</td>\n",
       "    </tr>\n",
       "    <tr>\n",
       "      <th>time fit was run</th>\n",
       "      <td>2020-04-22 07:26:43 UTC</td>\n",
       "    </tr>\n",
       "  </tbody>\n",
       "</table>\n",
       "</div><table border=\"1\" class=\"dataframe\">\n",
       "  <thead>\n",
       "    <tr style=\"text-align: right;\">\n",
       "      <th></th>\n",
       "      <th>coef</th>\n",
       "      <th>exp(coef)</th>\n",
       "      <th>se(coef)</th>\n",
       "      <th>coef lower 95%</th>\n",
       "      <th>coef upper 95%</th>\n",
       "      <th>exp(coef) lower 95%</th>\n",
       "      <th>exp(coef) upper 95%</th>\n",
       "      <th>z</th>\n",
       "      <th>p</th>\n",
       "      <th>-log2(p)</th>\n",
       "    </tr>\n",
       "  </thead>\n",
       "  <tbody>\n",
       "    <tr>\n",
       "      <th>AvePost1</th>\n",
       "      <td>-0.006</td>\n",
       "      <td>0.994</td>\n",
       "      <td>0.003</td>\n",
       "      <td>-0.012</td>\n",
       "      <td>0.000</td>\n",
       "      <td>0.988</td>\n",
       "      <td>1.000</td>\n",
       "      <td>-1.871</td>\n",
       "      <td>0.061</td>\n",
       "      <td>4.028</td>\n",
       "    </tr>\n",
       "  </tbody>\n",
       "</table><div>\n",
       "<style scoped>\n",
       "    .dataframe tbody tr th:only-of-type {\n",
       "        vertical-align: middle;\n",
       "    }\n",
       "\n",
       "    .dataframe tbody tr th {\n",
       "        vertical-align: top;\n",
       "    }\n",
       "\n",
       "    .dataframe thead th {\n",
       "        text-align: right;\n",
       "    }\n",
       "</style>\n",
       "<table border=\"1\" class=\"dataframe\">\n",
       "  <tbody>\n",
       "    <tr>\n",
       "      <th>Concordance</th>\n",
       "      <td>0.551</td>\n",
       "    </tr>\n",
       "    <tr>\n",
       "      <th>Log-likelihood ratio test</th>\n",
       "      <td>6.001 on 1 df, -log2(p)=6.128</td>\n",
       "    </tr>\n",
       "  </tbody>\n",
       "</table>\n",
       "</div>"
      ],
      "text/plain": [
